# Generated by conda-lock.
# platform: linux-64
# input_hash: 273e129a2b0a3b78bdd12c4a831d244f92045807667e9abe5619ed0f713572b6

channels:
  - conda-forge
dependencies:
  - _libgcc_mutex=0.1=conda_forge
  - _openmp_mutex=4.5=2_gnu
  - brotli-python=1.1.0=py310hc6cd4ac_1
  - bzip2=1.0.8=hd590300_5
  - c-ares=1.28.1=hd590300_0
  - ca-certificates=2024.2.2=hbcca054_0
  - cached-property=1.5.2=hd8ed1ab_1
  - cached_property=1.5.2=pyha770c72_1
  - certifi=2024.2.2=pyhd8ed1ab_0
  - charset-normalizer=3.3.2=pyhd8ed1ab_0
  - freetype=2.12.1=h267a509_2
  - h5py=3.11.0=nompi_py310h65828d5_100
  - hdf5=1.14.3=nompi_h4f84152_100
  - idna=3.7=pyhd8ed1ab_0
  - keyutils=1.6.1=h166bdaf_0
  - krb5=1.21.2=h659d440_0
  - lcms2=2.16=hb7c19ff_0
  - ld_impl_linux-64=2.40=h55db66e_0
  - lerc=4.0.0=h27087fc_0
  - libaec=1.1.3=h59595ed_0
  - libblas=3.9.0=20_linux64_openblas
  - libcblas=3.9.0=20_linux64_openblas
  - libcurl=8.7.1=hca28451_0
  - libdeflate=1.20=hd590300_0
  - libedit=3.1.20191231=he28a2e2_2
  - libev=4.33=hd590300_2
  - libffi=3.4.2=h7f98852_5
  - libgcc-ng=13.2.0=hc881cc4_6
  - libgfortran-ng=13.2.0=h69a702a_6
  - libgfortran5=13.2.0=h43f5ff8_6
  - libgomp=13.2.0=hc881cc4_6
  - libjpeg-turbo=3.0.0=hd590300_1
  - liblapack=3.9.0=20_linux64_openblas
  - libnghttp2=1.58.0=h47da74e_1
  - libnsl=2.0.1=hd590300_0
  - libopenblas=0.3.25=pthreads_h413a1c8_0
  - libpng=1.6.43=h2797004_0
  - libsqlite=3.45.3=h2797004_0
  - libssh2=1.11.0=h0841786_0
  - libstdcxx-ng=13.2.0=h95c4c6d_6
  - libtiff=4.6.0=h1dd3fc0_3
  - libuuid=2.38.1=h0b41bf4_0
  - libwebp-base=1.4.0=hd590300_0
  - libxcb=1.15=h0b41bf4_0
  - libxcrypt=4.4.36=hd590300_1
  - libzlib=1.2.13=hd590300_5
  - ncurses=6.4.20240210=h59595ed_0
  - numpy=1.23.5=py310h53a5b5f_0
  - openjpeg=2.5.2=h488ebb8_0
  - openssl=3.2.1=hd590300_1
  - packaging=24.0=pyhd8ed1ab_0
  - pandas=1.5.3=py310h9b08913_1
  - pillow=10.3.0=py310hf73ecf8_0
  - pip=24.0=pyhd8ed1ab_0
  - platformdirs=4.2.1=pyhd8ed1ab_0
  - pooch=1.8.1=pyhd8ed1ab_0
  - pthread-stubs=0.4=h36c2ea0_1001
  - pysocks=1.7.1=pyha2e5f31_6
  - python=3.10.14=hd12c33a_0_cpython
  - python-dateutil=2.9.0=pyhd8ed1ab_0
  - python_abi=3.10=4_cp310
  - pytz=2024.1=pyhd8ed1ab_0
  - readline=8.2=h8228510_1
  - requests=2.31.0=pyhd8ed1ab_0
  - scipy=1.10.1=py310ha4c1d20_3
  - setuptools=69.5.1=pyhd8ed1ab_0
  - six=1.16.0=pyh6c4a22f_0
  - tk=8.6.13=noxft_h4845f30_101
  - tzdata=2024a=h0c530f3_0
  - urllib3=2.2.1=pyhd8ed1ab_0
  - wheel=0.43.0=pyhd8ed1ab_1
  - xorg-libxau=1.0.11=hd590300_0
  - xorg-libxdmcp=1.1.3=h7f98852_0
  - xz=5.2.6=h166bdaf_0
  - zstd=1.5.5=hfc55251_0
  - pip:
      - geoh5py === 0.8.0 --hash=sha256:40736dd6e0db984e5d659a159ed834117f3c1e2366f9ad26d080763745d008dc

variables:
  KMP_WARNINGS: 0
